
A =

    0.7845    1.3615    0.2174
    1.3615    0.0637    0.3741
    0.2174    0.3741    1.6469


v =

    0.6016    0.5300    0.5976
   -0.7963    0.3387    0.5012
    0.0632   -0.7774    0.6258


e =

   -0.9947         0         0
         0    1.3357         0
         0         0    2.1540

